1000
1.3723e-08

6000
1.7653e-8

11000
2.3564e-08

16000
3.45993e-8

21000
4.7541e-08

26000
5.9461e-08

31000
7.582e-08

36000
8.4254e-08

41000
9.53392e-8

46000
1.9558e-07

51000
1.22527e-7

56000
1.3417e-07

61000
1.45451e-7

66000
1.61254e-7

71000
1.77446e-7

76000
1.8622e-07

81000
1.99561e-7

86000
2.8617e-07

91000
2.2494e-7

96000
2.41646e-7

1000
1.0273e-08

6000
1.35719e-8

11000
2.61166e-8

16000
3.96555e-8

21000
5.22433e-8

26000
6.46786e-8

31000
7.7854e-8

36000
9.36828e-8

41000
1.5424e-07

46000
1.19173e-7

51000
1.3391e-07

56000
1.4727e-07

61000
1.6162e-07

66000
1.73773e-7

71000
1.86855e-7

76000
2.3404e-07

81000
2.13521e-7

86000
2.2805e-07

91000
2.42697e-7

96000
2.59239e-7

1000
8.22263e-9

6000
1.14951e-8

11000
2.6378e-8

16000
3.2972e-08

21000
4.4517e-08

26000
5.53832e-8

31000
6.72161e-8

36000
7.898e-8

41000
9.303e-08

46000
1.2117e-07

51000
1.1488e-07

56000
1.26571e-7

61000
1.39692e-7

66000
1.49953e-7

71000
1.63345e-7

76000
1.7471e-07

81000
1.87595e-7

86000
1.99424e-7

91000
2.1847e-07

96000
2.24159e-7

1000
1.98785e-9

6000
1.5685e-09

11000
2.87189e-9

16000
4.17498e-9

21000
5.48238e-9

26000
6.78268e-9

31000
8.8891e-09

36000
9.3951e-9

41000
1.795e-08

46000
1.2048e-08

51000
1.3367e-08

56000
1.46127e-8

61000
2.29542e-8

66000
1.73211e-8

71000
1.85283e-8

76000
2.1465e-08

81000
2.11343e-8

86000
2.24386e-8

91000
2.37445e-8

96000
2.5472e-08
